3
9
14
15
25
26
31
37
42
43
53
54
59
65
70
71
81
82
87
93
98
99
105
110
111
121
122
127
133
138
139
149
150
155
161
166
167
177
178
183
189
194
195
200
201
206
207
217
218
223
229
234
235
245
246
251
257
262
263
273
274
279
285
290
291
302
303
313
314
319
325
330
331
341
342
347
353
358
359
369
370
375
381
386
387
397
398
403
409
414
415
425
426
431
437
442
443
453
454
459
465
470
471
481
482
487
493
498
499
505
510
511
521
522
527
533
538
539
549
550
555
561
566
567
577
578
583
589
594
595
600
601
606
607
617
618
623
629
634
635
645
646
651
657
662
663
673
674
679
685
690
691
702
703
713
714
719
725
730
731
741
742
747
753
758
759
769
770
775
781
786
787
797
798
803
809
814
815
825
826
831
837
842
843
853
854
859
865
870
871
881
882
887
893
898
899
905
910
911
921
922
927
933
938
939
949
950
955
961
966
967
977
978
983
989
994
995
1000
1001
1006
1007
1017
1018
1023
1029
1034
1035
1045
1046
1051
1057
1062
1063
1073
1074
1079
1085
1090
1091
1102
1103
1113
1114
1119
1125
1130
1131
1141
1142
1147
1153
1158
1159
1169
1170
1175
1181
1186
1187
1197
1198
1203
1209
1214
1215
1225
1226
1231
1237
1242
1243
1253
1254
1259
1265
1270
1271
1281
1282
1287
1293
1298
1299
1305
1310
1311
1321
1322
1327
1333
1338
1339
1349
1350
1355
1361
1366
1367
1377
1378
1383
1389
1394
1395
1400
1401
1406
1407
1417
1418
1423
1429
1434
1435
1445
1446
1451
1457
1462
1463
1473
1474
1479
1485
1490
1491
1502
1503
1513
1514
1519
1525
1530
1531
1541
1542
1547
1553
1558
1559
1569
1570
1575
1581
1586
1587
1597
1598
1603
1609
1614
1615
1625
1626
1631
1637
1642
1643
1653
1654
1659
1665
1670
1671
1681
1682
1687
1693
1698
1699
1705
1710
1711
1721
1722
1727
1733
1738
1739
1749
1750
1755
1761
1766
1767
1777
1778
1783
1789
1794
1795
1800
1801
1806
1807
1817
1818
1823
1829
1834
1835
1845
1846
1851
1857
1862
1863
1873
1874
1879
1885
1890
1891
1902
1903
1913
1914
1919
1925
1930
1931
1941
1942
1947
1953
1958
1959
1969
1970
1975
1981
1986
1987
1997
1998
2003
2009
2014
2015
2025
2026
2031
2037
2042
2043
2053
2054
2059
2065
2070
2071
2081
2082
2087
2093
2098
2099
2105
2110
2111
2121
2122
2127
2133
2138
2139
2149
2150
2155
2161
2166
2167
2177
2178
2183
2189
2194
2195
2200
2201
2206
2207
2217
2218
2223
2229
2234
2235
2245
2246
2251
2257
2262
2263
2273
2274
2279
2285
2290
2291
2302
2303
2313
2314
2319
2325
2330
2331
2341
2342
2347
2353
2358
2359
2369
2370
2375
2381
2386
2387
2397
2398
2403
2409
2414
2415
2425
2426
2431
2437
2442
2443
2453
2454
2459
2465
2470
2471
2481
2482
2487
2493
2498
2499
2505
2510
2511
2521
2522
2527
2533
2538
2539
2549
2550
2555
2561
2566
2567
2577
2578
2583
2589
2594
2595
2600
2601
2606
2607
2617
2618
2623
2629
2634
2635
2645
2646
2651
2657
2662
2663
2673
2674
2679
2685
2690
2691
2702
2703
2713
2714
2719
2725
2730
2731
2741
2742
2747
2753
2758
2759
2769
2770
2775
2781
2786
2787
2797
2798
2803
2809
2814
2815
2825
2826
2831
2837
2842
2843
2853
2854
2859
2865
2870
2871
2881
2882
2887
2893
2898
2899
2905
2910
2911
2921
2922
2927
2933
2938
2939
2949
2950
2955
2961
2966
2967
2977
2978
2983
2989
2994
2995
