100
133 36
78 16 94 36 87 93 50 22 63 28 91 60 64 27 41 27 73 37 12 69 68 30 83 31 63 24 68 36 30 3 23 59 70 68 94 57 12 43 30 74 22 20 85 38 99 25 16 71 14 27 92 81 57 74 63 71 97 82 6 26 85 28 37 6 47 30 14 58 25 96 83 46 15 68 35 65 44 51 88 9 77 79 89 85 4 52 55 100 33 61 77 69 40 13 27 87 95 40 96 71 35 79 68 2 98 3 18 93 53 57 2 81 87 42 66 90 45 20 41 30 32 18 98 72 82 76 10 28 68 57 98 54 87 
115 6
84 20 25 29 72 33 30 4 20 71 69 9 16 41 50 97 24 19 46 47 52 22 56 80 89 65 29 42 51 94 1 35 65 25 15 88 57 44 92 28 66 60 37 33 52 38 29 76 8 75 22 59 96 30 38 36 94 19 29 44 12 29 30 77 5 44 64 14 39 7 41 5 19 29 89 70 18 18 97 25 44 71 84 91 100 73 26 45 91 6 40 55 87 70 83 43 65 98 8 56 5 49 12 23 29 100 44 47 69 41 23 12 11 6 2 
111 30
79 6 21 37 45 27 23 66 9 17 83 59 25 38 63 25 1 37 53 100 80 51 69 72 74 32 82 31 34 95 61 64 100 82 100 97 60 74 14 69 91 96 27 67 85 41 91 85 77 43 37 8 46 57 80 19 88 13 49 73 60 10 37 11 43 88 7 2 14 73 22 56 20 100 22 5 40 12 41 68 6 29 28 51 85 59 21 25 23 70 97 82 31 85 93 73 73 51 26 86 23 100 41 43 99 14 99 91 25 91 10 
131 19
37 33 56 95 5 80 70 74 77 51 56 61 43 80 85 94 6 22 68 5 14 62 55 27 60 45 3 3 7 85 22 43 69 29 90 73 9 59 99 37 9 54 49 4 34 34 49 91 55 68 47 69 30 1 47 89 98 50 91 4 34 64 98 54 93 87 26 53 97 76 89 58 30 37 61 15 22 61 5 29 28 51 49 57 3 95 98 100 44 40 3 29 4 1 82 48 39 60 52 36 35 40 93 16 28 5 30 50 65 86 30 44 36 78 1 39 72 50 90 68 89 93 96 44 45 30 91 83 41 42 70 
126 32
62 43 61 18 24 62 82 10 91 26 97 68 78 35 91 27 25 58 15 69 6 59 13 87 1 47 27 95 17 53 79 30 47 91 48 71 52 81 32 94 58 28 13 87 15 56 13 91 13 80 11 70 90 75 56 42 21 34 88 89 39 67 71 85 57 18 7 61 50 38 6 60 18 19 46 84 74 59 74 38 90 84 8 79 58 15 72 30 1 60 19 39 26 89 75 34 58 82 94 59 71 100 18 40 70 64 23 95 74 48 32 63 83 91 93 92 58 16 22 58 75 92 48 52 32 22 
137 40
55 31 99 26 82 17 17 3 32 40 97 5 39 81 19 22 71 63 13 80 78 86 37 5 77 84 8 60 58 45 100 12 28 51 37 61 19 6 64 50 45 12 6 35 92 76 56 15 90 69 94 19 6 83 23 83 18 31 94 75 27 94 87 54 44 75 15 14 80 78 63 76 89 20 11 33 95 18 47 36 38 92 54 44 74 29 26 92 11 19 18 37 64 56 91 59 31 5 72 62 34 86 90 74 5 52 6 51 69 4 86 7 96 40 50 21 68 27 64 78 97 82 66 61 37 56 71 19 12 43 33 97 80 22 71 85 73 
127 34
41 84 73 99 31 64 48 51 31 74 15 60 23 48 25 83 36 33 5 55 44 99 87 41 79 60 63 63 84 42 49 24 25 73 23 55 36 22 58 66 48 72 77 70 19 2 4 54 34 8 60 29 7 98 21 85 9 35 99 92 77 99 16 53 72 90 60 7 11 17 25 10 40 1 79 10 54 82 15 39 90 27 68 48 24 88 32 33 23 82 76 51 80 91 55 51 32 14 58 95 82 82 4 21 34 83 82 88 16 97 26 5 23 93 52 98 33 35 82 7 16 58 9 96 100 63 98 
133 26
55 78 10 88 33 83 22 67 64 61 83 12 86 87 86 31 91 84 15 77 17 21 93 26 29 40 26 91 37 61 19 44 38 29 83 22 11 56 89 26 16 71 38 54 9 23 84 51 58 98 28 27 70 72 52 50 11 29 40 99 89 11 94 78 91 77 100 53 32 88 78 100 58 67 53 18 42 36 69 99 85 96 77 6 67 29 55 29 9 94 79 98 56 73 75 46 1 26 98 84 13 28 83 22 94 35 40 35 22 60 86 58 55 62 63 73 42 17 53 51 63 83 100 18 55 74 16 7 52 65 91 64 92 
122 37
38 60 29 72 81 88 57 91 42 71 53 66 12 70 18 62 84 52 13 1 7 39 68 65 90 33 55 5 76 80 42 13 39 70 37 71 57 45 61 50 15 66 15 27 87 84 40 70 36 53 22 94 91 90 10 32 74 65 36 49 96 78 14 34 99 50 56 56 94 69 57 61 34 24 87 72 59 78 41 46 82 62 91 24 51 1 55 76 65 43 25 60 20 90 45 70 39 52 77 84 20 34 44 5 57 82 76 67 12 68 13 93 30 3 69 32 3 75 8 19 17 84 
127 37
73 74 58 63 26 34 98 97 19 42 54 27 75 81 94 86 49 6 31 30 60 99 61 63 25 20 81 42 3 11 81 27 84 90 41 9 24 39 58 94 32 11 21 6 91 14 92 39 71 22 68 30 72 81 44 96 100 25 89 55 87 70 33 70 11 74 31 34 64 88 80 95 50 100 52 40 65 43 31 87 16 50 16 87 82 12 35 34 88 23 88 74 44 20 43 55 45 25 40 60 64 19 54 13 70 6 5 34 100 35 20 16 36 88 54 70 51 88 3 38 63 90 11 6 61 5 12 
107 29
4 17 93 22 23 6 44 80 62 29 79 48 1 46 83 88 100 52 90 87 54 27 49 95 37 7 8 93 18 65 22 21 81 67 95 55 24 38 34 85 18 13 32 18 10 66 57 9 70 46 96 23 72 96 70 60 2 77 53 72 41 26 44 73 92 90 28 67 79 13 51 97 25 34 14 87 100 71 95 69 16 42 43 40 38 64 99 91 40 3 14 32 29 58 5 72 47 84 39 26 96 41 22 73 27 35 59 
125 6
53 46 73 47 40 12 84 4 62 26 43 17 40 75 45 97 31 68 95 14 58 20 61 51 93 33 77 80 91 54 36 96 99 8 42 38 71 77 41 85 2 84 1 93 10 97 41 40 64 36 5 74 7 65 24 52 50 52 31 40 5 66 87 3 26 80 92 48 8 85 32 62 20 32 54 29 28 95 20 44 82 24 69 88 40 44 39 89 95 21 81 99 87 19 53 64 99 96 11 6 80 43 67 99 26 73 79 54 67 98 49 48 73 17 87 13 60 78 1 54 98 33 4 36 52 
107 48
50 55 62 7 35 4 26 85 29 98 64 34 16 61 82 15 86 98 1 98 9 30 50 14 80 35 17 15 86 76 66 87 31 27 93 17 30 70 53 10 67 16 96 34 29 77 48 14 27 1 63 87 30 64 1 9 98 17 76 83 45 41 21 27 19 66 95 100 35 47 9 54 63 4 87 43 33 35 8 11 35 70 97 16 85 97 25 83 66 52 17 62 44 38 88 62 3 82 61 89 80 21 42 94 25 29 36 
108 12
43 71 97 64 67 12 1 16 88 35 33 91 51 94 34 40 81 95 94 14 55 83 45 76 24 39 52 52 74 12 66 69 82 14 84 100 78 36 15 65 70 47 8 73 92 41 12 24 88 58 37 94 40 82 21 15 72 72 19 97 35 84 65 68 98 1 68 75 36 34 91 58 33 50 30 24 91 93 48 30 50 36 23 41 69 44 56 40 67 26 37 54 61 53 21 58 5 88 84 41 22 27 98 6 28 79 29 70 
120 27
99 21 64 22 61 84 17 68 24 83 93 12 36 54 64 9 63 69 96 99 61 69 77 10 74 4 88 55 74 58 82 24 30 97 45 43 81 13 10 56 48 55 67 35 60 82 43 74 2 39 72 14 59 100 23 85 56 62 91 81 72 24 4 1 21 1 43 53 13 5 8 60 59 26 95 18 59 37 91 61 27 15 74 38 66 49 22 21 10 64 1 33 87 5 34 59 57 28 11 69 32 70 29 42 47 75 59 6 11 2 66 90 68 91 27 33 39 100 6 1 
112 7
33 49 62 18 8 70 98 70 39 29 40 19 71 86 93 81 43 55 34 8 44 1 51 22 86 89 21 91 41 35 48 26 84 62 95 43 31 92 64 21 21 55 39 43 93 31 23 35 86 9 95 81 9 45 3 46 85 23 88 26 58 36 3 93 49 97 87 31 41 50 52 13 57 90 55 49 73 29 83 58 89 77 38 98 21 40 95 6 15 83 83 24 70 37 16 18 85 54 100 25 55 51 37 11 93 43 59 65 24 42 22 12 
119 10
61 91 3 56 48 17 90 82 40 59 18 7 76 2 12 75 79 66 78 67 77 70 62 35 34 37 28 7 100 98 17 61 40 71 68 87 87 9 68 78 67 37 36 94 38 47 20 68 13 97 35 41 18 96 75 51 32 3 9 31 52 26 43 91 48 62 77 35 70 96 64 36 32 52 81 21 98 1 89 62 97 75 2 15 70 29 17 53 83 26 83 34 3 78 24 50 91 52 36 61 47 100 48 30 3 29 50 100 29 90 14 77 64 67 91 85 95 60 37 
126 34
72 10 39 1 85 40 91 36 76 51 82 27 51 63 29 79 65 80 59 54 45 35 70 12 78 6 58 37 43 35 73 66 96 11 66 33 50 8 68 77 59 2 3 61 64 83 39 28 15 97 34 59 31 55 70 8 60 28 96 2 14 68 19 61 30 36 93 32 44 13 8 54 14 63 14 29 97 52 57 11 100 42 70 82 96 91 90 55 70 37 9 83 5 27 96 34 15 88 65 58 52 25 11 65 39 24 94 35 27 2 46 26 95 67 7 90 57 48 96 27 85 4 61 41 83 56 
123 48
96 91 6 47 67 68 64 5 91 9 91 69 62 36 94 56 2 52 45 11 52 92 89 36 48 49 76 82 57 1 30 52 43 35 50 61 2 65 65 44 73 56 12 34 43 57 41 97 60 37 59 11 29 47 98 76 95 25 57 51 26 86 54 20 72 56 81 25 20 97 68 45 4 31 30 47 87 71 95 46 59 53 9 87 99 6 14 45 31 22 48 8 59 1 79 30 8 59 54 80 8 73 76 11 3 5 9 41 27 3 87 86 7 47 24 5 52 38 2 34 11 49 93 
119 0
72 51 9 82 57 88 89 29 63 52 84 19 60 24 46 15 62 83 73 8 58 30 12 95 31 45 58 79 38 27 79 61 29 87 42 85 26 83 66 40 34 49 59 45 24 56 11 86 90 84 45 47 13 56 94 43 1 51 21 90 29 51 50 57 38 43 42 15 25 59 55 10 59 65 55 82 20 17 19 61 100 64 7 64 19 100 6 71 2 78 12 30 29 13 87 18 56 80 84 80 90 38 90 48 54 96 81 25 12 100 85 12 15 44 27 85 43 33 8 
146 11
19 26 42 32 64 11 87 95 95 18 36 84 59 83 38 54 16 14 18 15 99 81 81 42 7 65 36 39 24 32 53 43 10 46 26 25 57 64 72 3 81 7 86 92 90 75 45 57 89 62 71 39 42 3 80 49 19 67 39 43 51 43 85 60 89 62 36 97 25 7 99 57 14 36 48 55 63 45 11 3 58 33 41 52 87 72 100 5 90 90 47 40 85 83 51 73 44 87 69 20 93 19 77 58 54 76 64 16 20 26 70 78 10 10 81 96 33 32 1 23 21 47 14 57 30 65 29 25 51 49 45 95 19 73 5 73 48 68 40 20 94 10 49 55 71 29 
100 5
60 51 30 32 49 43 89 78 7 69 55 9 70 99 4 88 71 8 12 70 27 4 41 72 65 89 27 87 17 77 42 28 79 23 60 27 66 100 5 24 68 59 33 89 9 88 77 31 95 40 52 73 43 93 45 7 81 23 94 50 99 87 29 77 10 88 3 27 39 59 50 59 69 82 47 29 21 75 59 15 15 63 40 57 55 36 16 35 58 61 36 8 47 65 84 56 4 38 34 43 
148 33
1 69 17 47 50 38 22 60 4 88 22 43 44 76 78 11 63 87 71 98 94 18 62 29 25 18 67 59 60 67 94 60 87 10 58 36 47 31 96 3 18 17 97 14 93 75 24 7 61 95 4 7 64 18 35 40 35 53 50 94 19 43 5 6 5 14 93 3 45 88 5 62 57 2 27 49 28 51 55 40 97 10 46 12 27 81 3 13 33 53 58 4 47 62 61 51 28 53 54 72 41 58 85 49 11 12 49 38 14 55 78 62 64 75 25 43 55 27 55 40 79 65 43 26 78 3 28 5 55 81 76 47 91 61 95 1 24 43 91 89 97 20 50 13 94 26 55 49 
101 10
88 83 25 30 60 3 84 87 7 38 68 35 37 10 47 31 10 70 26 52 58 74 71 59 86 65 84 40 65 87 53 4 69 77 33 28 31 68 67 38 5 34 72 93 95 18 76 56 39 1 8 48 74 78 58 60 94 93 51 58 79 3 61 48 32 45 27 62 12 93 99 69 78 22 61 72 91 88 80 81 88 87 80 14 64 37 25 10 29 75 67 60 30 28 59 61 72 85 74 36 30 
124 3
59 46 16 83 89 4 62 69 43 48 1 56 63 37 32 72 18 59 39 77 88 18 35 100 41 71 73 28 52 97 83 11 95 99 93 83 54 54 3 48 53 55 56 15 92 87 39 61 45 29 89 84 46 23 35 38 45 8 66 97 56 48 7 50 98 51 84 3 4 39 51 56 93 6 22 36 92 12 96 89 40 84 24 37 58 59 27 3 66 92 51 21 91 9 23 89 59 58 91 62 96 41 69 41 98 42 76 42 54 24 30 45 59 53 34 17 11 60 71 28 51 73 1 41 
130 24
81 39 32 72 100 80 64 20 20 62 13 47 55 18 70 84 63 29 88 96 97 51 55 67 30 57 39 30 97 19 56 30 9 88 1 8 19 16 79 38 29 91 36 83 9 6 18 23 86 58 70 82 8 24 100 37 80 90 19 28 8 74 57 16 13 9 75 31 77 5 20 57 47 56 40 7 13 9 29 98 66 98 31 73 73 30 62 4 19 32 84 78 57 92 45 70 53 71 52 29 27 24 85 73 31 76 80 95 85 60 92 50 10 74 75 82 3 36 38 73 67 21 2 75 12 46 44 16 68 48 
143 43
23 81 18 5 8 97 99 92 9 90 94 18 63 68 51 17 55 88 41 73 60 42 47 24 39 43 39 6 90 83 51 64 15 68 68 22 17 66 66 25 7 59 42 21 26 92 89 80 32 29 52 91 70 98 14 60 92 53 17 33 87 67 96 1 86 15 74 2 80 39 78 38 97 19 58 74 63 46 5 94 26 8 36 47 6 50 6 49 54 74 82 40 40 77 92 78 92 65 31 23 56 9 61 52 27 70 78 41 16 82 34 93 90 70 40 47 71 97 95 24 71 76 15 62 5 6 39 96 22 70 70 77 78 30 81 56 100 58 97 67 39 82 59 
129 2
50 26 25 47 73 48 17 48 62 78 52 19 17 99 41 38 69 17 67 50 97 22 49 6 70 67 97 52 78 76 6 27 54 31 73 26 30 89 73 44 19 77 62 87 27 2 24 95 71 90 97 19 63 97 25 33 64 21 36 41 48 93 19 1 23 44 26 5 84 51 48 2 79 9 88 5 63 63 52 33 52 48 3 67 44 27 51 59 99 38 51 99 30 70 99 5 13 77 9 48 79 56 50 9 64 37 65 78 52 16 10 55 15 13 21 11 91 71 69 42 8 72 40 90 41 90 94 5 18 
103 1
48 9 53 56 24 42 73 2 93 40 63 47 55 27 20 17 70 90 85 11 50 56 2 91 48 43 84 4 13 89 8 12 97 12 20 72 53 92 25 97 31 88 44 37 66 63 53 35 4 90 97 5 97 98 95 97 93 30 100 57 18 59 68 66 23 87 38 75 78 62 72 9 1 67 97 67 81 50 1 36 39 98 41 35 47 87 31 91 17 83 47 86 93 15 52 15 53 41 42 31 54 65 91 
104 30
87 73 63 88 73 98 26 22 90 61 21 77 43 11 93 25 10 30 70 76 81 84 28 21 25 10 75 89 100 81 71 39 53 33 26 77 83 52 99 72 64 71 48 58 33 92 35 42 22 4 17 54 39 97 27 64 6 53 4 58 33 27 96 37 59 21 13 93 24 63 65 39 33 64 49 66 8 83 59 29 38 28 34 76 24 60 91 29 12 47 86 96 73 33 32 83 6 97 76 29 59 40 20 44 
104 17
61 62 2 71 42 39 98 76 14 21 87 57 2 99 3 39 46 75 24 30 57 29 26 32 9 36 23 80 31 78 47 91 91 48 14 33 38 11 8 52 84 94 8 37 44 10 27 90 36 50 19 92 78 96 24 39 31 98 18 14 75 17 56 66 16 69 50 54 80 57 57 15 2 16 51 98 77 77 39 12 27 9 3 56 4 78 94 86 76 12 99 2 28 7 19 43 75 68 48 54 24 4 68 78 
118 19
27 95 47 65 6 25 73 61 80 28 38 26 65 65 37 16 67 16 22 85 10 96 53 58 2 28 61 21 57 32 91 83 26 89 47 84 13 71 44 92 50 33 17 67 98 5 82 64 72 55 100 82 2 52 91 3 32 3 76 88 34 66 71 12 6 69 47 18 92 90 61 93 74 30 59 71 34 92 86 58 98 38 91 100 89 81 54 72 35 29 60 21 46 82 84 51 2 30 20 93 71 81 38 44 10 48 67 95 40 4 4 89 41 94 88 82 26 42 
102 12
22 64 33 68 45 16 70 47 45 90 91 15 22 28 10 31 76 76 77 67 32 81 55 72 26 43 5 4 36 58 16 57 73 48 76 18 15 46 64 59 87 54 25 8 82 34 90 9 62 18 75 93 50 29 16 76 23 73 31 58 82 46 67 54 93 42 71 59 39 86 17 25 40 93 84 73 78 73 33 39 43 7 83 92 87 51 19 10 23 49 19 56 46 85 9 90 79 80 48 17 65 16 
143 5
8 77 80 86 2 12 76 96 70 11 87 57 13 58 18 87 58 36 42 4 73 50 93 51 81 41 19 98 56 12 5 16 41 85 1 94 48 28 89 18 38 75 74 2 84 91 88 42 78 29 97 2 31 89 4 11 81 23 60 37 86 65 4 78 1 56 71 48 83 59 65 73 86 38 74 69 80 62 62 10 90 58 11 20 47 67 83 79 89 42 67 26 58 70 4 58 25 26 6 8 85 70 32 70 60 5 90 91 66 52 52 8 9 63 79 7 29 61 86 69 55 52 46 12 22 1 70 46 27 27 5 63 96 36 32 7 41 21 50 58 24 1 17 
132 14
96 91 43 8 76 63 14 80 61 78 1 61 47 98 39 25 55 1 72 90 32 79 82 5 80 92 28 80 8 12 95 55 3 89 15 30 4 80 9 64 57 61 76 55 11 15 79 65 15 51 54 99 81 88 55 60 79 34 39 38 46 85 45 100 74 59 29 29 38 90 92 47 50 19 1 60 33 80 24 100 30 30 98 10 17 4 21 47 37 59 84 34 96 28 33 21 38 14 49 28 3 92 74 4 10 26 64 43 5 39 94 86 20 43 47 88 46 67 34 82 78 70 16 73 49 100 93 39 13 41 66 15 
131 40
71 93 16 34 87 73 24 80 58 96 22 5 83 19 23 69 53 100 90 20 72 90 19 16 28 84 56 45 50 39 35 20 84 3 5 70 75 29 50 84 24 23 40 58 94 63 26 46 14 67 65 38 57 35 53 84 18 61 81 68 51 67 87 34 69 92 4 95 72 5 79 47 79 18 56 72 80 34 69 94 100 85 83 56 20 35 92 89 95 72 8 98 90 95 31 59 38 86 5 61 90 83 59 21 1 14 92 32 47 13 77 47 97 59 54 68 46 45 57 92 68 64 89 10 10 20 20 99 57 24 59 
148 6
17 19 59 83 62 42 29 74 19 27 71 29 81 38 74 77 46 66 97 10 54 6 71 25 25 70 34 48 28 32 6 97 50 64 79 11 58 59 37 76 86 59 4 66 48 30 42 94 95 38 55 100 95 25 77 19 46 10 19 26 93 24 22 42 40 52 4 97 10 92 24 95 50 79 12 98 60 54 91 54 43 97 6 90 73 34 8 19 95 78 44 87 54 17 80 93 68 83 41 29 75 16 24 76 46 35 73 6 40 15 11 35 11 16 24 36 1 83 54 95 61 97 33 14 13 12 58 32 95 50 60 21 17 35 96 62 22 21 67 13 87 78 47 50 45 22 85 46 
106 37
92 17 86 25 82 50 88 91 81 82 92 92 54 8 27 2 69 48 74 88 12 60 65 11 9 61 32 45 58 88 34 50 56 19 26 89 68 13 79 100 47 70 92 52 29 70 5 98 69 78 85 80 90 1 90 50 61 74 95 19 13 28 20 21 47 97 9 66 61 40 18 7 61 9 11 90 30 15 39 98 93 75 29 82 75 19 31 87 44 77 57 56 5 28 28 3 76 37 20 37 28 37 95 88 45 5 
126 23
20 67 23 64 41 52 97 67 22 79 6 65 56 62 72 12 42 100 14 17 88 33 5 15 22 100 2 66 56 31 92 27 97 66 90 38 17 38 4 90 17 9 6 24 23 78 87 16 29 52 84 16 84 89 30 57 40 83 23 95 13 66 22 10 83 63 47 52 1 2 41 69 63 47 44 37 76 30 4 4 81 87 19 16 27 100 73 66 82 47 61 95 64 82 56 46 44 54 97 96 55 90 64 69 36 59 57 11 88 60 66 68 47 84 84 73 35 8 39 16 54 51 10 17 84 65 
111 28
70 11 75 25 100 90 45 35 49 2 97 36 61 62 56 59 97 91 32 31 98 22 98 51 24 60 19 7 76 32 85 46 42 11 70 41 1 66 27 1 67 75 36 28 88 43 38 84 33 69 66 30 42 64 32 65 23 50 71 50 82 8 95 23 18 16 16 18 82 94 18 48 69 6 27 56 48 65 92 33 85 57 62 79 72 46 43 46 95 66 96 28 73 90 3 90 6 18 60 87 11 29 86 31 86 65 87 86 81 78 18 
114 35
31 43 10 76 38 55 23 3 2 50 27 92 52 68 49 21 27 87 84 8 72 14 93 88 52 30 68 81 47 33 67 78 27 28 5 64 82 27 18 36 29 44 79 32 12 27 5 90 13 88 97 36 53 42 76 5 71 43 85 18 75 3 47 54 30 51 17 64 30 87 99 58 30 77 89 41 55 93 31 19 32 79 6 85 20 81 41 43 24 77 60 50 32 58 3 61 60 72 76 89 58 74 46 39 2 87 32 56 31 14 74 63 92 80 
148 13
60 91 6 83 67 17 85 98 74 87 11 85 10 86 74 19 12 71 58 13 9 89 69 40 2 94 54 45 25 52 60 85 94 65 19 60 33 3 10 58 42 20 43 3 57 16 22 68 38 31 33 47 19 53 86 72 46 91 68 71 42 28 7 87 44 77 46 77 80 7 86 73 78 28 75 87 95 48 54 33 78 38 31 48 90 16 71 88 6 39 10 99 18 16 85 13 92 82 41 23 41 27 47 18 6 22 56 1 69 10 85 99 99 15 46 89 82 17 28 39 7 37 89 76 4 25 88 47 58 29 70 98 55 68 68 12 89 23 12 10 84 48 8 83 14 5 23 95 
120 1
85 79 38 73 54 93 97 42 39 55 22 60 52 28 28 71 39 68 94 3 29 29 50 36 11 16 93 85 10 65 86 47 44 75 19 49 67 16 42 58 22 63 69 25 42 96 96 81 16 41 83 44 69 84 32 32 99 24 68 61 40 54 7 83 28 25 32 47 92 25 4 65 88 24 90 29 72 37 61 87 77 43 82 97 79 65 80 77 40 48 37 80 53 95 62 32 20 45 78 63 70 33 28 9 57 69 89 28 5 50 66 33 44 47 81 74 12 61 51 51 
109 38
30 12 34 44 95 5 40 25 19 61 57 98 69 65 66 10 44 70 59 61 2 54 60 35 28 23 47 30 25 6 20 55 69 5 50 63 61 41 87 80 2 96 77 70 12 43 31 8 64 41 68 18 95 79 52 74 1 98 3 26 3 74 32 23 79 81 37 39 21 24 18 22 71 47 44 34 41 26 41 4 67 61 21 13 39 24 86 40 21 40 17 75 13 48 97 91 28 86 82 100 61 51 74 31 97 69 16 37 94 
106 42
12 69 65 24 59 89 9 50 9 100 66 36 65 13 84 55 92 69 88 44 29 39 17 11 35 37 27 24 82 35 16 94 3 80 17 61 68 78 63 29 77 28 64 41 41 99 48 32 68 35 75 96 25 43 59 60 31 85 35 13 19 50 58 73 81 74 85 1 3 47 81 32 75 96 24 67 94 23 98 61 58 25 9 82 19 67 93 50 3 27 14 73 28 71 45 61 96 29 61 51 28 41 82 54 88 5 
119 30
28 69 94 37 45 54 70 64 72 15 65 74 93 30 46 21 52 42 81 99 22 93 49 49 85 30 2 72 87 73 4 66 42 97 54 86 50 75 1 73 89 65 46 82 94 43 54 97 84 86 96 58 78 44 6 62 26 60 85 64 32 88 29 25 37 34 11 38 8 11 11 97 28 8 30 73 3 35 70 38 20 65 95 49 8 53 62 33 12 46 96 95 85 76 20 21 9 30 59 69 92 21 65 19 28 46 92 30 80 13 68 51 77 62 99 84 66 60 69 
126 4
16 24 41 44 43 62 4 24 20 72 67 40 88 86 19 33 29 49 64 41 68 14 69 81 64 4 47 23 72 75 79 40 98 20 83 40 33 38 15 52 10 82 43 97 19 13 82 99 13 45 91 80 11 59 13 26 14 11 49 86 85 79 77 83 50 11 74 82 48 41 85 57 74 79 54 92 92 87 42 4 83 32 36 45 42 48 71 55 58 71 92 94 49 20 76 99 30 2 80 78 94 17 86 67 95 91 58 86 77 51 90 60 34 77 4 27 24 74 33 33 44 25 26 45 44 54 
144 25
7 26 55 100 42 40 66 37 31 75 22 59 25 63 70 10 39 74 36 14 99 68 46 95 44 24 91 88 29 85 65 35 10 19 86 52 58 3 88 40 77 61 99 53 24 20 62 62 93 49 76 44 16 73 90 60 48 80 99 76 16 63 62 25 33 47 28 90 49 67 82 77 28 32 81 51 51 94 64 96 42 91 91 10 16 80 69 63 11 19 91 26 81 52 2 13 99 82 54 99 48 87 28 75 18 8 77 21 2 93 16 95 83 6 4 50 37 24 13 99 42 3 76 74 6 29 38 4 10 92 55 58 78 82 84 48 41 61 68 94 53 35 41 87 
141 43
37 28 68 1 26 61 55 53 35 60 81 72 16 91 15 22 100 45 55 83 92 95 43 11 41 47 45 81 86 36 76 74 15 43 74 92 56 28 44 90 39 24 61 54 66 28 27 65 72 81 48 63 76 42 73 68 41 69 48 26 4 23 99 70 18 24 61 73 3 56 14 41 79 26 47 97 53 73 61 24 54 8 38 81 2 62 48 42 30 47 67 85 21 17 54 90 40 66 14 42 21 27 82 52 5 80 48 57 53 8 33 58 68 70 90 69 32 37 10 61 35 28 98 55 44 51 45 83 69 58 24 89 37 57 92 41 37 39 97 41 99 
128 47
66 51 39 34 82 27 95 94 61 22 91 67 65 94 11 99 62 21 22 2 9 30 94 49 66 32 97 58 30 78 7 47 28 45 32 61 71 26 54 31 99 45 50 15 90 12 13 51 32 86 4 40 16 97 40 33 81 37 43 62 14 49 9 93 94 92 53 16 18 6 99 68 2 48 35 91 59 47 93 43 85 97 34 52 45 74 36 25 10 78 87 75 27 47 67 72 90 19 87 59 24 37 27 78 84 61 68 95 59 13 37 43 9 70 46 53 43 82 30 4 59 68 78 37 66 96 8 55 
113 46
14 90 83 40 67 19 52 86 13 10 50 1 5 58 70 50 63 65 31 92 20 42 11 50 78 76 45 38 30 11 36 43 100 70 34 18 88 85 55 52 47 5 52 51 14 74 52 76 38 35 19 57 76 29 6 5 4 3 42 86 13 77 28 12 99 14 81 86 98 87 90 96 91 41 46 57 14 98 84 3 32 3 60 59 83 17 63 39 19 5 24 31 33 3 94 83 16 26 69 66 65 58 61 7 50 7 63 16 56 47 18 39 1 
126 46
83 46 11 21 16 67 44 99 52 47 44 34 62 22 2 79 86 11 40 92 13 98 55 28 53 1 45 43 1 74 91 35 71 1 56 86 68 51 84 19 97 80 52 11 1 6 89 86 68 80 77 80 77 83 59 29 35 4 23 87 29 13 22 99 14 77 36 81 79 72 99 76 51 2 38 51 7 78 88 27 58 16 6 34 99 17 15 33 20 37 20 100 50 93 50 63 21 85 95 99 56 45 26 58 46 63 8 5 93 47 31 50 63 88 35 61 4 49 45 75 38 16 74 39 8 23 
102 27
60 47 27 15 43 52 25 88 67 84 44 59 31 74 60 93 14 94 5 17 95 49 92 32 17 17 70 24 92 74 4 51 20 82 17 14 85 41 1 51 25 97 61 55 22 20 99 35 66 3 52 60 3 95 43 19 11 64 95 54 37 98 4 8 79 21 21 63 13 73 66 37 69 26 43 43 98 41 77 63 95 80 74 98 26 68 68 89 31 62 42 19 11 46 26 41 18 98 4 30 70 21 
116 40
98 9 33 47 2 61 61 96 41 34 45 18 1 13 6 83 26 48 1 37 45 78 77 62 75 32 91 45 4 9 87 2 70 19 100 71 79 61 66 71 46 11 89 47 23 46 81 100 93 82 88 89 11 17 50 86 48 93 82 4 53 68 57 22 38 56 92 16 16 58 39 62 68 79 60 42 24 40 93 69 73 81 57 36 97 59 21 96 3 2 99 55 21 55 77 58 63 68 73 78 77 63 91 96 41 2 89 17 94 82 85 66 62 93 1 58 
102 22
5 5 26 4 60 46 10 88 3 72 55 28 2 84 42 44 79 83 46 68 51 39 49 35 56 62 79 9 71 82 81 75 38 7 30 97 4 40 36 59 63 91 86 16 26 27 60 4 61 5 23 11 43 71 97 98 84 28 6 54 9 39 29 46 97 10 95 100 49 30 58 64 72 95 79 97 74 90 53 34 94 75 97 88 98 45 38 81 72 95 35 80 33 15 78 29 24 24 81 25 5 90 
137 26
85 18 25 58 8 77 43 53 4 91 41 1 36 78 81 7 72 67 39 57 81 68 37 57 91 69 81 95 59 20 23 95 89 48 4 96 76 98 1 79 89 93 31 24 70 64 82 93 30 20 1 11 87 90 67 29 58 99 24 16 18 98 62 6 97 65 54 73 63 6 3 51 98 86 26 19 49 7 63 78 79 64 40 17 53 58 46 62 56 21 78 25 18 91 83 15 56 88 39 18 93 93 20 42 78 97 60 26 3 74 56 33 37 95 50 41 5 95 3 60 15 32 37 84 22 71 98 29 58 88 98 2 81 69 95 58 65 
103 35
20 27 91 52 16 37 53 8 41 47 62 53 13 45 89 97 19 11 46 47 20 34 97 21 66 65 67 23 30 20 10 49 98 52 52 65 89 5 73 29 3 86 33 16 31 73 64 49 83 61 47 2 46 43 74 11 8 40 86 37 11 95 37 61 47 40 25 87 44 49 67 99 35 100 14 17 72 29 65 7 89 11 8 35 6 34 45 13 73 82 1 36 77 89 96 75 28 72 61 24 21 27 74 
106 25
87 23 50 67 39 56 7 1 15 93 6 48 90 70 73 71 22 8 47 10 55 21 90 26 33 65 98 60 38 56 85 76 30 34 94 68 41 100 21 56 93 26 3 34 48 27 4 69 34 3 31 40 75 20 18 8 36 15 67 73 23 3 100 52 89 93 72 29 92 92 36 36 69 39 69 16 65 73 37 51 27 67 42 1 38 59 8 73 26 26 45 48 29 44 51 17 36 22 97 79 13 33 15 82 23 35 
148 38
59 85 41 85 3 83 86 40 93 45 12 18 71 8 17 99 3 68 67 90 41 15 69 54 47 35 87 21 69 87 60 28 24 52 64 26 34 49 66 27 94 77 96 64 85 65 14 39 32 80 29 72 46 97 77 45 31 15 65 51 54 76 30 77 28 94 54 13 94 19 91 87 48 87 2 84 51 15 22 34 46 50 57 44 46 86 88 28 52 52 31 5 80 12 33 59 5 87 71 51 5 62 37 4 100 91 87 2 57 9 87 55 10 95 98 8 80 85 87 84 88 17 40 19 29 73 77 85 59 48 35 15 61 24 71 12 66 57 65 22 17 3 28 27 97 77 86 29 
112 21
12 1 41 3 71 21 75 48 5 85 47 92 52 7 67 22 70 32 30 34 5 47 36 33 25 84 9 10 12 22 33 75 74 73 78 44 93 4 43 98 89 89 41 92 95 7 13 16 90 42 49 94 40 36 78 16 20 87 77 83 60 10 58 85 82 87 28 27 90 23 76 78 11 16 69 58 74 33 73 63 27 74 8 18 9 86 34 80 24 62 15 83 71 72 67 5 10 46 31 99 68 6 29 79 73 49 88 46 82 60 60 60 
134 16
77 46 52 10 25 75 72 39 57 94 62 75 50 71 73 80 22 92 37 50 22 9 98 9 6 31 69 65 90 53 32 67 98 83 28 75 10 51 65 18 97 79 93 46 1 17 26 22 8 14 23 30 75 21 38 80 3 58 97 93 63 28 59 60 62 38 86 71 89 3 41 85 81 33 30 81 1 7 55 8 73 77 37 47 49 75 78 52 32 74 96 94 1 6 6 15 43 43 37 83 45 77 19 25 61 1 58 61 7 12 69 31 40 57 77 89 31 55 92 15 28 39 60 81 44 17 47 86 60 83 21 4 12 39 
130 21
39 90 85 98 1 5 28 92 61 5 32 92 11 75 58 90 13 17 70 56 86 16 94 45 51 14 100 62 4 32 33 43 21 69 92 73 73 19 17 34 75 48 77 37 23 34 27 35 2 96 43 87 64 88 83 14 1 35 75 56 18 59 50 39 28 41 63 52 60 79 85 86 79 61 23 1 46 49 87 48 96 81 86 59 68 21 24 20 7 98 76 24 9 25 14 88 66 77 39 77 7 24 14 85 36 36 37 82 36 76 81 32 56 18 42 24 38 66 95 96 63 70 20 23 47 33 10 64 61 49 
139 17
24 53 4 59 41 41 40 76 68 20 7 23 38 49 98 27 66 45 23 28 14 94 3 12 26 12 75 39 12 14 58 35 19 13 94 11 5 85 86 72 57 45 47 94 45 44 72 10 40 46 89 54 39 91 65 17 55 92 55 66 5 64 1 75 76 46 85 81 30 23 52 86 67 98 31 63 94 55 72 33 100 12 38 39 3 55 7 9 46 13 74 2 76 26 29 3 71 65 83 1 87 87 38 5 36 69 67 81 23 90 66 74 2 55 64 56 9 70 64 6 82 89 60 9 15 40 64 85 4 46 37 91 84 75 47 72 95 14 52 
118 4
69 94 56 24 58 63 84 79 78 42 13 67 1 21 81 40 84 17 95 82 6 85 17 80 32 88 26 97 92 46 51 60 39 59 83 96 73 67 75 51 8 87 69 60 59 1 51 95 17 45 28 74 82 44 53 65 32 30 13 23 75 63 82 14 73 17 9 46 35 35 48 94 73 16 53 32 16 55 78 84 99 5 58 32 48 62 96 31 92 60 5 18 23 39 31 47 55 92 44 41 78 91 34 51 6 38 34 73 92 11 9 42 67 18 26 66 31 73 
146 23
33 1 92 7 91 74 53 97 65 97 37 95 87 70 45 45 7 30 69 50 40 29 44 6 46 69 71 29 93 19 2 25 72 93 31 62 19 84 59 35 32 95 29 18 17 73 14 75 54 35 77 93 63 72 50 61 92 73 89 84 43 90 9 14 35 39 28 5 74 38 39 5 84 68 75 52 92 40 27 46 74 55 90 37 26 92 97 17 64 37 100 58 78 8 24 12 99 51 16 72 40 7 29 23 74 55 27 17 94 53 62 68 7 4 4 32 95 52 48 10 40 99 67 17 7 90 81 57 92 48 80 83 54 8 58 79 62 84 96 56 88 9 75 94 12 30 
126 5
81 76 67 72 74 34 88 32 75 20 88 19 68 68 53 73 75 10 52 89 93 99 96 80 7 70 25 19 99 53 76 31 28 43 2 2 28 41 85 54 61 73 24 80 40 77 52 66 86 55 6 31 53 1 62 60 70 39 30 68 91 57 50 19 51 51 72 78 92 56 84 4 80 7 83 71 83 34 89 21 89 94 3 93 47 64 52 68 2 33 36 45 90 37 63 40 88 86 70 31 93 53 34 73 11 16 95 46 1 83 18 41 29 20 34 75 35 37 42 89 70 29 33 11 66 47 
101 4
32 71 35 76 75 20 48 86 35 95 83 87 77 100 28 5 19 13 31 5 1 73 93 70 53 77 32 18 23 34 22 6 56 8 82 31 27 81 68 13 75 50 100 52 1 79 8 19 43 39 75 43 63 68 65 15 44 96 85 67 81 58 24 37 66 5 19 44 86 86 57 12 87 8 15 87 38 23 57 80 13 31 22 75 50 38 41 94 86 25 12 66 83 87 54 100 92 72 43 29 9 
148 39
47 58 55 85 95 29 93 74 41 24 48 67 25 37 7 18 22 32 81 40 66 68 93 65 11 17 7 91 77 58 30 76 67 36 60 62 16 53 87 56 28 86 74 52 23 81 22 44 64 54 35 29 73 80 93 35 96 51 25 24 60 7 99 27 42 11 88 58 15 26 65 42 12 39 45 34 19 66 29 34 72 64 62 44 95 6 79 90 8 3 65 68 61 16 46 3 78 85 12 92 10 76 85 73 66 29 6 36 47 87 69 18 2 30 13 96 87 43 37 95 98 53 14 58 68 59 60 45 43 23 36 4 99 72 77 16 1 34 52 47 20 20 16 73 2 80 68 88 
122 5
34 20 9 47 77 76 5 89 73 99 11 60 55 61 32 31 77 32 64 28 30 36 99 97 8 100 76 28 88 98 83 21 69 91 68 98 19 24 86 91 75 48 50 29 61 33 11 89 16 26 16 97 61 66 93 21 66 21 48 53 18 82 25 39 25 44 36 43 20 21 85 94 20 86 74 80 19 84 68 34 9 35 31 22 1 23 42 66 95 41 70 65 74 94 3 98 90 38 92 9 10 76 2 81 62 27 61 80 10 80 65 70 15 95 91 67 70 84 84 64 76 53 
127 49
98 82 99 87 19 91 95 80 66 48 61 79 74 21 58 83 52 23 5 66 69 95 84 38 31 67 54 6 71 33 7 69 15 6 7 85 96 2 65 13 1 25 92 75 97 1 9 48 75 13 66 44 60 49 33 42 68 38 99 38 71 6 58 85 11 65 69 58 18 85 70 18 9 13 44 57 14 53 57 88 17 22 31 28 22 16 21 89 53 20 79 23 25 36 59 87 100 28 44 17 12 65 87 73 78 30 29 91 34 37 78 3 58 61 82 32 76 3 72 28 22 50 51 98 86 61 84 
136 37
27 6 52 91 92 76 20 21 56 10 7 93 40 9 2 100 90 33 75 92 57 54 65 6 56 62 43 17 45 32 56 23 37 7 66 28 34 85 100 90 47 58 82 86 66 83 85 8 68 11 99 24 16 16 81 72 77 76 40 74 7 95 96 43 54 13 22 87 50 73 28 96 31 9 81 48 44 17 55 11 79 6 86 94 21 66 17 49 93 8 22 99 55 70 93 8 82 66 46 31 39 74 26 21 82 58 20 77 74 75 39 4 32 24 50 4 42 18 52 34 26 74 33 80 43 77 39 24 43 84 7 33 9 32 5 43 
141 23
19 15 50 58 71 33 81 20 36 74 89 88 8 66 61 92 45 55 68 35 78 62 19 36 46 27 68 50 21 9 26 40 75 75 97 97 60 29 68 95 55 57 82 62 22 94 5 19 48 24 53 78 86 23 13 31 2 80 33 22 40 58 61 67 84 9 63 43 90 31 38 44 87 71 57 60 65 13 78 12 36 31 89 73 5 2 56 6 33 88 28 25 45 40 91 80 49 53 75 90 83 12 85 21 34 41 81 98 53 10 62 40 92 50 13 97 3 68 2 36 55 81 12 51 21 2 82 21 54 56 10 89 19 94 61 53 86 93 50 90 55 
112 28
46 13 41 42 67 8 96 54 14 76 65 16 48 66 98 20 72 53 29 12 72 74 72 24 11 17 25 100 71 88 81 16 52 21 10 18 81 57 24 46 84 88 62 32 54 59 51 77 11 32 88 34 57 11 9 20 27 34 71 49 73 51 17 24 24 26 93 56 82 16 1 65 56 14 48 61 24 51 37 87 34 76 20 90 86 29 9 65 14 32 65 86 82 81 61 5 6 5 12 39 21 13 56 28 78 3 88 2 53 24 88 86 
148 6
28 36 87 88 52 100 19 17 37 53 97 97 9 55 2 21 93 74 85 100 1 62 3 40 63 7 63 50 45 13 9 24 48 95 63 100 95 34 68 31 86 64 80 94 70 33 14 15 58 98 14 10 12 68 49 74 75 11 76 71 75 84 46 22 30 8 73 76 41 40 7 78 56 38 72 25 70 37 39 79 87 5 88 98 72 36 23 98 98 98 68 72 33 65 45 63 25 70 90 65 9 96 43 16 85 66 93 6 2 83 84 88 87 71 37 59 58 60 56 55 9 76 78 94 40 23 56 16 92 97 81 52 93 75 20 29 40 12 35 93 46 18 81 33 41 69 91 98 
127 47
5 37 73 34 30 65 8 37 80 99 33 12 3 77 38 74 6 77 37 92 22 82 9 54 14 49 22 56 47 50 6 3 38 30 36 19 94 44 7 26 94 91 89 48 68 27 21 25 55 57 16 28 91 76 81 56 25 3 12 23 52 17 77 41 46 12 59 92 7 17 69 1 7 9 100 26 87 21 50 94 29 17 21 71 45 2 27 69 4 90 43 7 58 71 99 55 82 9 46 41 25 66 41 31 27 40 57 13 12 58 6 93 27 79 63 71 80 41 91 35 30 33 41 87 3 39 42 
135 48
39 76 23 57 68 53 83 60 61 47 71 71 53 15 97 31 30 67 62 70 57 96 100 41 88 38 95 78 79 30 76 70 58 98 26 25 2 8 84 63 6 7 33 10 73 81 92 2 47 53 72 55 48 23 95 35 60 89 12 39 70 39 60 27 36 85 4 38 44 87 52 49 45 36 59 18 16 50 19 62 55 42 16 54 64 62 89 24 50 52 14 19 91 73 98 78 9 1 15 52 39 18 52 84 53 62 53 68 12 71 81 18 65 48 71 28 9 11 3 10 63 68 81 5 40 78 34 100 30 1 51 68 18 55 3 
122 15
55 42 79 78 23 96 42 22 67 21 83 77 24 44 91 91 24 47 83 53 81 82 82 81 85 2 98 39 4 72 54 11 14 33 88 88 28 29 61 94 49 43 23 24 87 13 15 62 60 49 15 40 30 48 72 14 49 21 52 5 93 58 15 6 90 2 93 69 82 53 15 82 48 37 6 86 1 72 47 60 20 61 51 49 61 22 15 9 43 18 13 87 75 79 92 16 80 36 37 13 40 51 95 39 39 100 24 39 23 71 51 42 83 53 42 43 27 8 52 21 26 16 
106 49
95 98 68 26 85 4 39 76 54 33 15 44 84 38 34 6 8 36 99 91 89 92 33 15 100 36 87 25 4 93 76 98 42 43 75 26 98 13 1 3 45 15 46 80 5 32 37 12 67 35 54 55 27 39 21 78 26 7 2 29 51 29 78 92 24 53 69 21 65 70 24 62 36 21 41 92 52 78 56 19 64 9 25 42 99 98 19 25 56 72 53 7 1 31 50 24 83 19 96 99 40 71 60 27 92 53 
118 44
82 74 65 45 34 90 87 33 39 57 9 94 29 13 52 81 43 2 56 77 20 51 28 11 22 87 37 65 39 55 11 20 80 76 17 66 17 55 98 55 11 58 100 91 70 52 71 65 53 26 93 24 29 20 34 2 7 22 18 97 29 28 69 8 55 85 73 71 91 22 77 1 79 29 92 1 80 14 65 84 92 9 59 20 29 44 21 87 65 90 83 93 17 3 1 72 39 25 94 29 99 23 30 77 51 73 29 82 38 45 65 29 54 75 100 82 18 72 
117 31
61 2 75 78 57 27 1 95 3 46 24 1 20 53 30 70 77 58 3 14 3 67 95 56 93 94 89 10 66 8 92 78 61 18 55 17 44 7 12 46 5 35 99 24 39 28 94 67 85 48 32 39 15 26 46 59 72 34 69 89 93 60 66 54 77 73 22 72 31 33 69 35 19 67 59 9 94 4 75 31 51 7 69 17 84 15 76 55 100 44 43 93 55 61 98 83 33 19 6 63 4 74 98 22 93 8 31 38 11 57 68 13 63 37 30 47 3 
106 2
54 100 48 46 6 8 95 88 92 66 93 54 69 18 3 42 10 10 24 48 72 81 67 37 95 55 66 41 57 74 46 11 25 93 8 30 52 55 69 43 20 61 96 88 30 51 29 92 12 5 91 36 85 57 72 79 12 89 72 20 62 17 82 86 61 90 67 12 44 35 54 15 47 1 2 76 51 82 19 63 86 9 50 70 18 21 1 29 61 72 100 22 40 82 59 100 23 25 11 18 59 64 32 5 64 85 
131 16
66 51 81 4 59 30 25 76 50 25 56 62 48 8 83 87 89 93 86 63 17 96 32 27 11 15 31 75 99 62 93 16 12 73 19 23 2 96 50 3 20 6 64 68 65 98 54 5 90 92 67 6 39 50 32 50 64 14 76 14 27 68 29 91 40 100 13 93 47 14 95 66 71 10 85 35 7 39 39 96 82 57 53 20 6 36 69 69 1 96 34 27 15 15 69 54 66 81 98 12 47 92 77 17 1 62 52 59 52 42 6 85 99 10 4 4 45 25 25 97 20 58 76 35 24 44 40 89 77 38 100 
122 30
29 91 34 42 42 92 93 36 98 77 34 7 32 89 4 56 13 100 28 23 27 14 46 71 53 35 47 42 86 21 23 14 11 56 55 5 99 47 40 96 75 73 55 7 61 58 14 26 9 41 100 36 54 45 58 59 31 4 100 17 24 74 30 86 81 85 90 80 83 29 27 10 53 81 68 66 90 81 91 51 74 90 38 79 86 95 37 17 50 89 33 25 14 62 10 47 98 100 26 33 80 4 42 33 85 9 98 26 41 40 76 66 81 13 45 66 59 33 82 8 73 66 
131 36
80 94 33 77 93 10 9 72 65 2 56 1 10 5 27 3 44 54 68 24 19 64 42 77 97 23 85 21 41 68 7 20 61 91 48 5 52 9 29 17 10 84 17 72 89 95 74 84 49 93 60 67 57 1 43 5 75 79 25 15 99 84 34 59 26 34 64 78 42 44 46 51 27 14 22 67 9 47 3 9 92 62 75 48 62 69 4 36 100 28 51 98 11 36 8 89 69 23 66 62 66 63 13 45 76 86 63 36 85 65 44 76 26 70 75 87 91 78 75 90 5 77 39 68 64 46 56 85 21 73 46 
135 36
58 82 14 96 45 50 80 9 45 55 87 67 81 25 57 58 99 46 14 27 36 33 91 81 40 75 53 64 20 39 50 30 72 64 77 16 65 56 77 61 62 63 27 42 39 83 51 90 80 64 16 15 97 58 48 36 32 100 100 4 90 1 85 62 16 13 29 32 68 57 93 81 71 19 74 10 54 24 99 85 87 14 100 35 24 99 23 7 50 74 10 92 74 46 5 42 58 33 73 77 42 65 9 12 36 82 21 41 5 19 25 44 85 76 30 8 74 52 14 76 77 76 67 3 73 23 44 83 7 16 11 48 33 20 60 
119 2
80 60 10 51 84 5 35 60 34 94 85 38 59 12 14 86 30 16 59 52 59 93 59 27 3 6 59 74 65 78 27 97 89 36 47 72 92 33 83 25 26 20 62 36 31 28 22 13 43 32 64 54 24 22 80 78 80 90 52 44 19 30 40 7 17 38 30 8 70 13 84 47 84 98 83 66 25 56 78 19 39 42 72 62 15 3 91 94 44 94 90 62 23 81 68 91 19 98 98 40 62 34 87 45 31 21 62 55 28 40 73 66 33 97 79 47 51 21 41 
144 14
82 8 89 62 76 80 32 25 29 72 38 62 10 82 44 82 43 98 9 34 23 26 66 19 4 13 21 76 5 15 90 38 23 31 99 50 10 31 26 90 2 63 4 63 96 47 44 90 97 52 24 19 77 41 89 32 5 61 7 61 28 49 98 2 79 97 51 40 79 28 81 32 90 84 94 37 83 37 26 31 88 1 49 16 42 89 99 98 49 57 59 76 57 56 29 35 4 79 26 82 58 7 13 99 42 6 35 24 42 13 54 81 65 54 48 58 94 98 56 95 7 14 22 63 21 51 50 25 81 75 6 39 81 19 37 23 76 24 98 18 36 4 50 100 
108 49
58 3 47 13 97 53 78 70 16 98 20 65 22 1 91 80 39 72 98 27 46 25 50 43 94 85 98 44 37 7 93 94 9 91 58 57 44 35 26 11 32 98 27 6 98 17 85 88 40 34 66 85 58 68 80 52 52 77 47 40 35 39 85 95 29 42 3 24 28 81 34 60 78 12 17 27 29 1 66 20 86 31 5 43 98 36 46 2 64 92 93 51 82 78 45 63 19 48 86 47 28 72 58 5 35 26 83 15 
127 47
35 63 30 91 57 80 26 3 81 41 46 73 91 80 2 36 42 21 35 79 19 14 50 76 70 37 53 52 51 30 99 85 92 80 75 100 59 52 2 91 45 100 64 35 79 65 22 72 37 8 50 55 21 52 82 90 88 34 41 38 15 91 23 6 71 49 6 81 53 59 72 97 10 87 83 40 3 57 11 40 64 61 46 85 64 80 74 51 65 67 88 80 9 62 37 79 63 94 12 15 5 83 63 14 69 45 6 71 1 16 62 17 28 8 1 91 39 26 93 3 44 33 34 53 94 71 83 
107 15
94 74 20 28 36 86 96 33 91 67 85 58 80 1 38 87 53 28 77 31 21 80 74 53 65 78 98 35 13 58 3 58 31 22 86 19 59 81 3 1 99 87 59 79 88 96 17 92 75 94 22 47 25 48 51 89 77 1 76 89 58 78 47 40 51 32 10 10 64 12 10 63 99 20 41 38 67 9 29 94 2 3 40 78 50 91 67 26 43 42 67 52 19 13 91 69 96 53 30 59 64 92 21 14 11 13 51 
127 23
32 71 27 34 62 5 35 4 71 12 46 64 78 97 34 42 40 54 89 92 84 48 55 75 20 69 37 85 71 66 58 2 88 84 87 50 88 73 53 10 37 51 25 66 47 10 8 38 64 48 29 99 95 36 25 15 4 61 99 26 27 8 80 14 91 18 15 31 91 68 92 27 70 17 92 16 78 51 54 41 99 34 39 45 69 15 11 24 76 9 50 54 68 29 67 59 98 34 41 88 1 32 66 22 100 10 37 78 60 42 70 10 28 61 55 96 75 65 20 50 26 21 3 93 1 22 3 
147 4
43 38 7 27 3 80 78 12 16 55 24 10 25 85 37 85 91 84 11 56 55 61 33 75 15 77 27 88 32 25 94 74 62 52 52 16 31 30 28 99 84 3 60 60 87 48 96 78 31 7 85 86 19 69 12 33 45 39 73 76 63 66 2 76 70 53 91 100 82 70 50 18 24 9 29 11 56 25 40 87 83 24 24 1 44 87 85 88 25 57 16 39 75 69 14 44 21 57 95 55 78 45 24 2 53 52 64 61 28 3 99 10 78 22 10 21 8 95 60 85 3 75 23 77 43 89 72 16 97 67 22 26 63 45 27 15 96 90 27 76 44 25 85 21 98 47 93 
107 42
53 42 95 79 16 24 74 56 95 89 52 13 62 78 75 6 56 42 53 98 20 28 41 45 65 14 42 11 6 99 3 10 92 97 89 8 72 62 63 67 2 67 31 63 96 58 68 51 51 72 100 70 100 93 66 64 6 8 74 63 58 28 73 50 24 13 57 96 74 71 14 75 37 96 37 32 5 56 35 55 27 34 77 78 26 42 93 83 49 18 98 7 45 22 8 21 34 64 68 7 34 81 33 23 28 69 6 
132 25
40 39 2 26 15 32 51 9 24 86 57 42 83 15 86 4 22 6 37 37 25 95 23 57 27 45 85 47 50 69 22 42 7 75 67 74 6 69 82 30 6 90 23 88 57 60 43 30 18 31 67 42 25 41 99 3 85 83 49 86 51 22 79 9 97 45 82 54 66 15 83 71 5 57 11 61 17 5 90 34 36 8 75 60 48 73 15 32 7 63 70 9 37 48 18 33 45 51 38 62 66 73 84 70 29 46 82 45 51 71 78 86 79 5 97 78 77 11 62 36 26 31 44 62 30 13 46 26 64 83 39 81 
106 22
50 36 68 83 80 70 5 10 55 83 14 4 13 42 14 74 77 91 4 21 4 85 33 1 63 48 84 1 28 90 23 29 77 43 11 57 12 16 18 19 50 31 22 62 72 87 35 49 78 90 21 81 75 53 82 37 1 17 37 28 58 12 57 87 6 19 43 69 34 12 87 84 42 8 97 65 47 32 13 24 21 33 56 47 38 89 35 38 57 24 17 67 35 25 53 92 44 95 60 77 6 47 12 99 6 9 
112 1
92 28 27 12 12 35 11 49 23 45 38 32 68 55 98 54 31 50 45 74 96 5 3 53 3 66 51 8 74 65 12 17 92 38 81 56 24 91 4 99 35 94 30 55 100 27 60 30 76 5 56 23 61 58 75 63 75 77 70 1 41 33 17 85 23 97 40 46 87 95 44 74 40 73 80 39 51 39 69 78 43 76 100 55 85 74 17 59 50 39 59 43 71 76 79 45 24 70 91 11 64 86 36 56 11 15 94 61 5 14 39 100 
138 37
54 73 64 71 84 65 61 42 7 83 69 37 28 93 6 70 55 22 55 90 77 17 56 70 78 60 36 68 59 24 57 13 49 20 35 32 37 47 73 95 29 94 32 8 86 37 77 40 10 84 29 86 100 36 8 29 95 43 96 54 18 5 18 66 76 4 49 12 50 74 7 78 67 38 86 4 26 14 43 36 97 23 73 49 58 32 29 52 74 25 57 44 81 26 61 56 29 10 68 78 35 74 56 1 63 93 4 88 58 98 75 55 20 48 55 29 79 83 32 5 59 41 100 39 66 60 47 95 21 14 72 55 39 79 7 53 71 62 
139 28
59 67 35 30 66 41 10 44 23 42 100 34 82 51 24 47 11 70 41 83 83 65 90 73 43 96 25 66 10 17 46 68 83 32 50 48 72 59 43 46 52 95 79 33 45 3 32 7 72 24 42 7 88 31 31 31 78 56 96 87 24 93 7 6 24 8 5 95 66 47 92 70 41 71 2 38 25 85 44 96 9 85 54 96 67 85 78 45 92 25 83 15 17 41 72 40 48 76 86 66 22 78 35 15 100 88 52 24 73 47 71 33 32 25 28 50 61 6 94 52 82 77 18 99 69 89 90 17 64 76 82 37 5 68 51 4 55 54 27 
128 2
97 11 36 73 39 85 85 96 79 36 29 7 5 27 75 93 17 43 8 44 76 45 100 43 47 3 98 1 81 28 53 29 39 88 2 29 24 86 24 2 74 4 60 30 31 87 23 99 29 30 94 5 26 93 99 73 47 96 25 27 24 29 55 14 68 8 42 91 46 17 93 71 20 4 100 2 90 22 100 71 4 45 27 29 37 25 53 83 73 77 61 48 5 16 61 72 75 2 63 20 70 7 90 89 10 42 91 52 63 42 74 18 87 100 99 23 76 51 58 48 28 18 47 32 85 7 4 12 
109 17
31 29 24 73 70 85 14 60 88 28 1 61 98 39 12 96 14 88 46 71 87 73 40 34 57 77 92 12 88 52 29 70 32 52 42 1 88 7 12 76 87 65 88 84 3 100 79 16 39 24 38 77 49 78 10 5 54 54 16 41 57 96 10 88 99 4 41 86 62 4 61 48 68 1 31 71 100 9 38 38 85 76 14 33 53 76 89 58 81 56 50 37 51 11 76 49 66 68 86 28 72 99 75 39 99 6 61 50 66 
