50
10 33 6 7
15 43 35 36 42 49 21 12 27 40 
10 9 3 6
40 26 22 36 11 18 17 29 32 30 
10 12 3 7
35 29 2 22 8 19 17 43 6 11 
10 42 9 3
21 19 34 37 48 24 15 20 13 26 
10 41 0 6
23 12 20 46 31 5 25 34 27 36 
10 5 6 9
13 7 24 45 32 45 14 17 34 14 
10 43 0 7
8 26 28 38 34 3 1 4 49 32 
10 10 6 8
39 12 26 36 44 39 45 20 34 28 
10 17 1 7
2 17 42 2 6 1 30 36 41 15 
10 39 4 9
40 29 31 17 47 21 31 25 9 27 
10 17 6 7
3 36 15 6 33 19 24 28 21 32 
10 29 3 9
20 18 8 15 40 49 46 23 18 45 
10 46 1 1
5 29 38 14 28 41 0 43 0 34 
10 14 4 4
37 6 43 41 27 15 9 36 32 1 
10 37 8 5
7 24 21 8 45 29 37 35 43 18 
10 28 3 1
28 29 26 4 43 13 13 38 6 40 
10 4 8 8
38 19 17 17 46 24 43 20 33 40 
10 49 2 5
44 40 5 39 4 36 19 32 42 14 
10 47 7 5
4 48 11 22 28 49 43 46 18 40 
10 22 1 0
5 1 11 30 28 5 20 36 44 26 
10 22 5 8
16 32 8 24 37 12 24 0 36 2 
10 49 9 0
18 21 23 31 31 30 33 44 10 13 
10 49 1 9
46 9 23 13 18 40 45 26 16 34 
10 40 0 4
26 42 36 7 45 6 29 18 37 12 
10 48 2 9
9 36 10 42 37 6 1 13 22 21 
10 5 9 9
21 4 39 11 40 17 5 28 27 0 
10 34 8 0
24 22 19 46 31 30 34 42 22 22 
10 0 5 5
22 49 40 42 48 13 48 40 24 40 
10 9 1 9
36 32 5 44 4 29 19 23 26 0 
10 5 0 2
29 34 43 5 21 17 4 13 11 4 
10 26 9 4
2 2 6 34 21 42 18 28 39 22 
10 8 8 8
36 8 3 48 3 33 33 48 40 4 
10 17 6 8
29 0 46 38 47 49 40 3 33 13 
10 47 3 2
36 25 2 46 25 38 7 29 36 10 
10 14 1 0
4 28 27 0 48 6 2 44 47 49 
10 43 9 2
28 3 0 31 47 38 9 1 35 34 
10 39 2 5
27 4 29 49 14 35 29 43 35 27 
10 0 8 1
49 39 17 38 42 45 43 44 29 40 
10 32 0 1
19 26 32 11 42 10 17 23 11 31 
10 9 0 5
46 17 27 34 40 26 24 7 14 18 
10 5 8 2
36 0 46 26 44 16 2 28 29 46 
10 40 7 0
1 30 31 43 7 27 12 36 14 5 
10 12 0 2
29 10 19 39 24 5 41 20 33 37 
10 38 8 6
20 34 6 17 6 10 49 37 5 9 
10 17 8 5
33 23 8 23 37 39 33 7 28 7 
10 14 1 9
0 9 18 38 25 38 24 33 7 31 
10 43 8 0
49 17 39 19 13 22 44 23 47 31 
10 12 2 0
42 41 7 15 21 7 24 41 47 1 
10 31 1 7
40 4 30 48 25 31 16 16 2 31 
10 39 6 4
38 30 18 21 20 12 12 29 27 35 
